     0/199    0.493G    0.1074    0.0198         0    0.1272        32       320  0.001094    0.1508 0.0001823  2.73e-05    0.1022   0.01519         0
     1/199    0.919G     0.104   0.01943         0    0.1235        14       320  0.001307      0.18 0.0002478 4.012e-05    0.0994   0.01525         0
     2/199    0.919G    0.1006   0.01954         0    0.1202        20       320   0.03279   0.05916  0.007428   0.00148   0.09315   0.01544         0
     3/199    0.919G   0.09343   0.02042         0    0.1139        22       320   0.06936    0.1266    0.0246     0.006   0.08686   0.01552         0
     4/199    0.919G   0.08924   0.01973         0     0.109        31       320   0.03855    0.1934   0.01427  0.003241   0.09175   0.01449         0
     5/199    0.919G   0.08791   0.02032         0    0.1082        25       320   0.09777    0.1768   0.04021   0.01181   0.08467   0.01465         0
     6/199    0.919G   0.08684   0.02034         0    0.1072        28       320    0.1209    0.1883   0.05268   0.01599   0.08184   0.01488         0
     7/199    0.919G   0.08554   0.02051         0    0.1061        38       320    0.1251    0.1803   0.05429   0.01573   0.08198   0.01477         0
     8/199    0.919G   0.08421   0.01984         0     0.104        21       320    0.1367      0.18   0.05741   0.01734   0.08205   0.01467         0
     9/199    0.919G   0.08419   0.02037         0    0.1046        18       320    0.1467    0.1959   0.07684   0.02649   0.07894   0.01465         0
    10/199    0.919G   0.08364      0.02         0    0.1036        20       320    0.1557    0.2004   0.08014   0.02428   0.08014   0.01432         0
    11/199    0.919G   0.08232   0.01968         0     0.102        32       320    0.1875    0.1889   0.08823   0.03127   0.07845   0.01453         0
    12/199    0.919G   0.08203   0.02016         0    0.1022        27       320    0.2001    0.1902    0.0914    0.0295    0.0779   0.01412         0
    13/199    0.919G   0.08112   0.02012         0    0.1012        29       320    0.1777    0.2142   0.09119   0.02971   0.07828   0.01441         0
    14/199    0.919G   0.08178    0.0201         0    0.1019        18       320    0.2122    0.1845   0.09157   0.02571   0.07895   0.01461         0
    15/199    0.919G   0.08263   0.02041         0     0.103        18       320    0.1866    0.2099   0.09054   0.02947   0.07847   0.01436         0
    16/199    0.919G    0.0821   0.02027         0    0.1024        20       320    0.2124    0.1987   0.09525   0.03079   0.07742   0.01418         0
    17/199    0.919G    0.0804    0.0199         0    0.1003        16       320     0.206    0.2214    0.1098   0.03634   0.07637   0.01424         0
    18/199    0.919G   0.07945   0.01992         0   0.09937        29       320    0.2258    0.2131    0.1221   0.04057   0.07706   0.01391         0
    19/199    0.919G   0.07926   0.01975         0   0.09902        30       320    0.2807    0.1991    0.1309   0.03996   0.07561   0.01385         0
    20/199    0.919G   0.07811   0.02002         0   0.09813        16       320    0.2409    0.2309    0.1358   0.04522   0.07499   0.01405         0
    21/199    0.919G   0.07905    0.0196         0   0.09865        40       320     0.271    0.1985    0.1293   0.04546   0.07626   0.01382         0
    22/199    0.919G   0.07911    0.0197         0   0.09881        20       320    0.2628    0.2392    0.1464   0.05063   0.07456    0.0137         0
    23/199    0.919G   0.07749    0.0197         0   0.09719        19       320    0.3175    0.2144    0.1555   0.05168   0.07467   0.01362         0
    24/199    0.919G   0.07773    0.0198         0   0.09753        18       320     0.283    0.2557    0.1742   0.05945   0.07354   0.01368         0
    25/199    0.919G   0.07794   0.01973         0   0.09767        30       320    0.2871    0.2468     0.169   0.05904   0.07396   0.01357         0
    26/199    0.919G   0.07683   0.01977         0    0.0966        23       320    0.2917     0.243      0.17   0.06188   0.07404   0.01367         0
    27/199    0.919G   0.07639   0.01929         0   0.09568        26       320    0.3264    0.2277    0.1719   0.06237   0.07415   0.01372         0
    28/199    0.919G   0.07674   0.01953         0   0.09627        23       320     0.283    0.2468    0.1672   0.05743   0.07327   0.01345         0
    29/199    0.919G   0.07626   0.01951         0   0.09577        19       320    0.2773    0.2424    0.1676   0.05821   0.07369   0.01348         0
    30/199    0.919G   0.07605   0.01951         0   0.09556        25       320    0.3005    0.2774    0.1843    0.0669   0.07233   0.01348         0
    31/199    0.919G   0.07653    0.0195         0   0.09603        24       320    0.3125     0.264    0.1874    0.0644   0.07205   0.01332         0
    32/199    0.919G   0.07651   0.01942         0   0.09593        19       320    0.3041    0.2793    0.1993   0.07396     0.072    0.0134         0
    33/199    0.919G   0.07589   0.01899         0   0.09488        12       320    0.2656    0.2767    0.1748     0.061   0.07316   0.01337         0
    34/199    0.919G   0.07538   0.01922         0   0.09459        17       320    0.3623    0.2689    0.2012   0.07177   0.07283   0.01324         0
    35/199    0.919G    0.0752   0.01925         0   0.09444        25       320     0.343    0.2793    0.2076    0.0738   0.07131   0.01344         0
    36/199    0.919G   0.07473   0.01914         0   0.09387        22       320     0.334    0.2859    0.2162   0.07488   0.07067   0.01352         0
    37/199    0.919G    0.0763   0.01951         0   0.09581        30       320    0.3366    0.2455    0.1817   0.06405   0.07288   0.01351         0
    38/199    0.919G   0.07558   0.01906         0   0.09463        19       320     0.363    0.2684    0.2147   0.07824   0.07102   0.01352         0
    39/199    0.919G   0.07499   0.01923         0   0.09422        31       320    0.3647    0.2952    0.2247    0.0766   0.07073   0.01324         0
    40/199    0.919G   0.07448   0.01921         0   0.09369        23       320    0.3509    0.2945    0.2238   0.08086   0.07027   0.01305         0
    41/199    0.919G   0.07378    0.0191         0   0.09288        23       320    0.4103    0.2634    0.2296   0.08496   0.07028   0.01333         0
    42/199    0.919G   0.07378   0.01941         0   0.09319        35       320    0.3729     0.292    0.2259   0.08158   0.06985   0.01317         0
    43/199    0.919G   0.07417   0.01908         0   0.09324        25       320    0.4051    0.2659    0.2182   0.07935   0.07007   0.01343         0
    44/199    0.919G   0.07354   0.01909         0   0.09263        33       320     0.364    0.3265    0.2485   0.09366   0.06882    0.0131         0
    45/199    0.919G   0.07237   0.01884         0   0.09122        19       320    0.3693    0.3028    0.2332    0.0853   0.06949   0.01311         0
    46/199    0.919G   0.07377   0.01906         0   0.09282        15       320    0.3491    0.3257     0.243   0.09012   0.06906   0.01313         0
    47/199    0.919G   0.07361   0.01914         0   0.09275        17       320    0.3828    0.3212    0.2594   0.09498   0.06858   0.01288         0
    48/199    0.919G   0.07215   0.01896         0   0.09111        22       320    0.4047    0.3053    0.2506   0.09071   0.06892   0.01284         0
    49/199    0.919G   0.07312   0.01874         0   0.09186        17       320    0.3503    0.3402    0.2503   0.09278    0.0689   0.01299         0
    50/199    0.919G   0.07329   0.01914         0   0.09242        19       320     0.424    0.3003    0.2622    0.0963   0.06868   0.01288         0
    51/199    0.919G   0.07316   0.01866         0   0.09182        19       320    0.3488     0.327    0.2475   0.09241   0.06855   0.01306         0
    52/199    0.919G   0.07294   0.01911         0   0.09205        16       320     0.423    0.3391     0.285    0.1062   0.06828   0.01278         0
    53/199    0.919G   0.07242    0.0189         0   0.09132        25       320    0.4275    0.3155    0.2737    0.1005   0.06813   0.01281         0
    54/199    0.919G   0.07226    0.0186         0   0.09086        23       320    0.3959    0.3384    0.2712   0.09908   0.06753   0.01293         0
    55/199    0.919G   0.07182    0.0187         0   0.09052        23       320    0.4352    0.3327    0.2794    0.1062   0.06709   0.01274         0
    56/199    0.919G     0.072   0.01838         0   0.09038        16       320     0.417    0.3422    0.2752    0.1051   0.06726   0.01301         0
    57/199    0.919G   0.07189   0.01887         0   0.09076        19       320    0.4227    0.3327    0.2707   0.09598   0.06801   0.01292         0
    58/199    0.919G   0.07063   0.01866         0   0.08929        21       320    0.4066    0.3543    0.2832    0.1071   0.06737   0.01305         0
    59/199    0.919G   0.07159   0.01856         0   0.09015        27       320    0.4406    0.3402    0.2888    0.1078   0.06701   0.01274         0
    60/199    0.919G   0.07102   0.01881         0   0.08984        18       320    0.4424    0.3378    0.2841    0.1074    0.0673   0.01268         0
    61/199    0.919G   0.07094    0.0187         0   0.08964        19       320    0.4185    0.3511    0.2924    0.1083    0.0672   0.01271         0
    62/199    0.919G   0.07066   0.01878         0   0.08944        18       320    0.4713    0.3321    0.2955    0.1128   0.06671   0.01273         0
    63/199    0.919G   0.07049   0.01879         0   0.08928        20       320    0.4157    0.3475     0.285     0.107   0.06672   0.01273         0
    64/199    0.919G   0.07102    0.0186         0   0.08962        22       320    0.4538    0.3486    0.3051    0.1151   0.06684   0.01275         0
    65/199    0.919G   0.07114   0.01844         0   0.08958        15       320    0.4518    0.3314    0.2898    0.1127   0.06659   0.01257         0
    66/199    0.919G   0.07026   0.01872         0   0.08898        34       320    0.4328    0.3511    0.3002    0.1178   0.06587   0.01258         0
    67/199    0.919G   0.07039   0.01856         0   0.08895        16       320     0.492    0.3314    0.3039     0.116   0.06661    0.0125         0
    68/199    0.919G   0.07044   0.01874         0   0.08918        21       320    0.4853    0.3378     0.302    0.1151   0.06661   0.01246         0
    69/199    0.919G      0.07   0.01858         0   0.08858        21       320    0.4765    0.3503    0.3015    0.1165   0.06603   0.01257         0
    70/199    0.919G   0.07022   0.01866         0   0.08888        31       320    0.3842    0.4065    0.3104    0.1232   0.06569   0.01246         0
    71/199    0.919G    0.0698   0.01846         0   0.08826        23       320    0.4709    0.3372    0.2993    0.1137    0.0662   0.01265         0
    72/199    0.919G   0.07004   0.01865         0   0.08869        30       320    0.4346    0.3639     0.305    0.1193   0.06541   0.01252         0
    73/199    0.919G    0.0695   0.01834         0   0.08784        18       320    0.4684    0.3504    0.3107    0.1175   0.06547   0.01248         0
    74/199    0.919G   0.06948    0.0185         0   0.08798        29       320    0.4608    0.3543    0.3076    0.1196   0.06564   0.01247         0
    75/199    0.919G   0.06894   0.01828         0   0.08722        24       320    0.4606    0.3499    0.3124    0.1176   0.06559   0.01233         0
    76/199    0.919G   0.06975   0.01843         0   0.08818        16       320    0.4459    0.3798    0.3163    0.1196   0.06535   0.01248         0
    77/199    0.919G   0.07007   0.01846         0   0.08853        15       320    0.4295    0.3861    0.3088     0.117   0.06562   0.01238         0
    78/199    0.919G   0.06937   0.01837         0   0.08774        14       320    0.4416    0.3893    0.3122      0.12    0.0655   0.01231         0
    79/199    0.919G    0.0697   0.01837         0   0.08807        19       320    0.4515    0.3893    0.3217    0.1261   0.06539   0.01234         0
    80/199    0.919G   0.06875   0.01837         0   0.08712        21       320    0.4418    0.3779    0.3126    0.1234   0.06495   0.01238         0
    81/199    0.919G   0.06825   0.01816         0   0.08641        20       320    0.4579    0.3912     0.325    0.1257   0.06445    0.0123         0
    82/199    0.919G   0.06855   0.01846         0   0.08701        19       320    0.5399    0.3282    0.3259    0.1244   0.06478   0.01234         0
    83/199    0.919G   0.06807   0.01803         0    0.0861        32       320    0.4993    0.3639    0.3224    0.1262   0.06467    0.0123         0
    84/199    0.919G   0.06779    0.0182         0   0.08599         9       320    0.4685    0.3798     0.329    0.1307   0.06468   0.01234         0
    85/199    0.919G   0.06839   0.01805         0   0.08645        17       320    0.4817    0.3701    0.3268    0.1263   0.06481   0.01225         0
    86/199    0.919G   0.06761   0.01803         0   0.08564        17       320    0.5078    0.3632    0.3313    0.1303   0.06472   0.01222         0
    87/199    0.919G   0.06779   0.01846         0   0.08626        35       320    0.4738     0.388    0.3302    0.1285   0.06453   0.01224         0
    88/199    0.919G    0.0672   0.01831         0   0.08551        30       320    0.4744    0.3696     0.331    0.1282   0.06468    0.0122         0
    89/199    0.919G   0.06802   0.01842         0   0.08644        31       320    0.5036    0.3645    0.3299    0.1279    0.0646   0.01217         0
    90/199    0.919G   0.06805   0.01807         0   0.08612        28       320    0.4888     0.379    0.3329    0.1303   0.06473   0.01217         0
    91/199    0.919G   0.06766   0.01832         0   0.08598        21       320     0.487    0.3887    0.3404    0.1347   0.06463   0.01215         0
    92/199    0.919G   0.06732   0.01801         0   0.08533        25       320    0.4973    0.3798    0.3413    0.1335   0.06454   0.01213         0
    93/199    0.919G    0.0664   0.01786         0   0.08426        40       320    0.4975    0.3849    0.3439    0.1353    0.0643   0.01212         0
    94/199    0.919G   0.06772     0.018         0   0.08573        21       320    0.5354    0.3817    0.3456    0.1384   0.06436   0.01206         0
    95/199    0.919G   0.06736    0.0182         0   0.08555        16       320    0.5127    0.3923    0.3529    0.1389    0.0643   0.01208         0
    96/199    0.919G   0.06659    0.0181         0   0.08469        20       320    0.4741    0.4049    0.3509    0.1374   0.06406   0.01214         0
    97/199    0.919G    0.0669   0.01821         0   0.08512        33       320       0.5    0.3963    0.3559    0.1405   0.06397   0.01213         0
    98/199    0.919G   0.06624   0.01813         0   0.08437        25       320    0.5119    0.3957    0.3562    0.1371   0.06386   0.01204         0
    99/199    0.919G   0.06652   0.01797         0   0.08449        16       320    0.4774    0.4288    0.3536    0.1388   0.06413   0.01208         0
   100/199    0.919G   0.06581   0.01781         0   0.08362        29       320    0.5118    0.3955     0.358    0.1403   0.06406   0.01205         0
   101/199    0.919G   0.06646   0.01809         0   0.08455        22       320    0.4761    0.4084    0.3538    0.1406   0.06369   0.01207         0
   102/199    0.919G   0.06716   0.01833         0   0.08549        27       320    0.5132    0.3904    0.3537    0.1405   0.06377   0.01206         0
   103/199    0.919G   0.06639   0.01828         0   0.08467        26       320    0.4982    0.4027    0.3606    0.1424   0.06405   0.01208         0
   104/199    0.919G   0.06643   0.01802         0   0.08445        34       320    0.5134    0.3931    0.3587    0.1435   0.06404   0.01208         0
   105/199    0.919G   0.06661   0.01814         0   0.08475        20       320    0.5592    0.3761    0.3617    0.1434   0.06374   0.01206         0
   106/199    0.919G   0.06552   0.01805         0   0.08356        34       320    0.5442    0.3874    0.3623    0.1447   0.06387   0.01213         0
   107/199    0.919G   0.06659   0.01833         0   0.08492        13       320    0.5359     0.383    0.3561    0.1428   0.06384   0.01209         0
   108/199    0.919G   0.06644    0.0182         0   0.08463        30       320    0.4946    0.4084    0.3597    0.1435    0.0636   0.01201         0
   109/199    0.919G   0.06628     0.018         0   0.08428        22       320     0.537     0.374    0.3574     0.145   0.06354   0.01203         0
   110/199    0.919G   0.06481   0.01784         0   0.08265        17       320      0.52    0.3919    0.3561    0.1456   0.06347   0.01205         0
   111/199    0.919G    0.0656   0.01804         0   0.08364        24       320     0.515     0.402    0.3649    0.1476   0.06359   0.01199         0
   112/199    0.919G   0.06462   0.01791         0   0.08253        23       320     0.577     0.381    0.3725    0.1471   0.06312   0.01198         0
   113/199    0.919G   0.06568   0.01795         0   0.08364        32       320    0.5244    0.4135    0.3688     0.147   0.06331   0.01197         0
   114/199    0.919G   0.06456   0.01788         0   0.08244        24       320    0.5505     0.388    0.3672    0.1475   0.06332   0.01195         0
   115/199    0.919G   0.06392   0.01808         0   0.08201        19       320    0.5686    0.3882    0.3694    0.1501   0.06313   0.01193         0
   116/199    0.919G    0.0653   0.01812         0   0.08342        28       320    0.5273    0.4097    0.3742    0.1516   0.06304   0.01195         0
   117/199    0.919G   0.06408   0.01754         0   0.08162        30       320    0.5708    0.3714    0.3665    0.1487   0.06296   0.01193         0
   118/199    0.919G   0.06463   0.01787         0    0.0825        17       320    0.5181    0.3995    0.3692    0.1497   0.06298   0.01187         0
   119/199    0.919G   0.06384   0.01805         0   0.08189        29       320    0.5068    0.4091    0.3659    0.1494   0.06318   0.01189         0
   120/199    0.919G   0.06449   0.01795         0   0.08244        18       320    0.4992    0.4198    0.3722    0.1482   0.06323   0.01186         0
   121/199    0.919G   0.06409   0.01809         0   0.08218        16       320    0.5441    0.3912    0.3704    0.1496   0.06344   0.01192         0
   122/199    0.919G   0.06449   0.01787         0   0.08236        20       320    0.5177    0.4109    0.3726      0.15   0.06335    0.0119         0
   123/199    0.919G    0.0642   0.01796         0   0.08215        22       320    0.5439    0.3887    0.3691    0.1478   0.06338   0.01189         0
   124/199    0.919G   0.06383   0.01784         0   0.08167        15       320    0.5063    0.4122    0.3703    0.1493   0.06347   0.01188         0
   125/199    0.919G   0.06404   0.01766         0    0.0817        30       320    0.4919    0.4148    0.3681    0.1476   0.06324   0.01187         0
   126/199    0.919G   0.06365   0.01764         0   0.08129        29       320    0.5374    0.3874    0.3694    0.1472   0.06307   0.01185         0
   127/199    0.919G   0.06362   0.01757         0    0.0812        20       320    0.5325    0.3989    0.3738    0.1479     0.063   0.01184         0
   128/199    0.919G   0.06378   0.01785         0   0.08163        29       320    0.5367    0.4033    0.3756    0.1503   0.06301   0.01182         0
   129/199    0.919G   0.06385   0.01764         0   0.08149        28       320    0.5316    0.3989    0.3726    0.1513   0.06296   0.01192         0
   130/199    0.919G   0.06416   0.01773         0   0.08188        26       320    0.5439    0.3868    0.3693    0.1516   0.06276   0.01189         0
   131/199    0.919G   0.06277   0.01781         0   0.08059        32       320    0.5584     0.391    0.3755    0.1514   0.06272    0.0119         0
   132/199    0.919G   0.06301   0.01785         0   0.08086        18       320    0.5352     0.409    0.3813    0.1532   0.06278   0.01187         0
   133/199    0.919G   0.06358   0.01761         0   0.08119        35       320    0.5325    0.4102    0.3811    0.1532    0.0629   0.01181         0
   134/199    0.919G   0.06241   0.01795         0   0.08036        21       320    0.5016    0.4243    0.3774    0.1532   0.06288   0.01185         0
   135/199    0.919G   0.06305   0.01773         0   0.08079        17       320    0.5559    0.3925    0.3821    0.1524   0.06274   0.01187         0
   136/199    0.919G   0.06246   0.01767         0   0.08013        27       320    0.5037    0.4319    0.3821     0.153   0.06298   0.01184         0
   137/199    0.919G   0.06376   0.01786         0   0.08162        35       320      0.53    0.4148    0.3819    0.1543   0.06289   0.01185         0
   138/199    0.919G   0.06336   0.01767         0   0.08104        19       320    0.5145    0.4249    0.3846    0.1562    0.0629   0.01183         0
   139/199    0.919G   0.06291   0.01767         0   0.08058        25       320    0.5286    0.4237    0.3862    0.1582   0.06255   0.01178         0
   140/199    0.919G   0.06184   0.01762         0   0.07946        25       320    0.5649    0.4109    0.3839    0.1566   0.06246   0.01181         0
   141/199    0.919G   0.06191   0.01761         0   0.07952        21       320    0.5352    0.4154    0.3859    0.1563    0.0625   0.01183         0
   142/199    0.919G   0.06203   0.01772         0   0.07976        24       320    0.5373    0.4078    0.3861    0.1562   0.06256   0.01183         0
   143/199    0.919G   0.06164   0.01743         0   0.07907        19       320    0.5706     0.395    0.3852    0.1556   0.06263   0.01182         0
   144/199    0.919G   0.06223    0.0173         0   0.07953        24       320    0.5608    0.4039    0.3846    0.1571   0.06252    0.0118         0
   145/199    0.919G   0.06271   0.01745         0   0.08016        32       320    0.5621    0.4135    0.3884    0.1568   0.06249   0.01175         0
   146/199    0.919G   0.06146   0.01757         0   0.07903        19       320    0.5295     0.426    0.3875    0.1562   0.06246   0.01177         0
   147/199    0.919G   0.06155   0.01779         0   0.07934        16       320    0.5329    0.4179    0.3832    0.1536    0.0625   0.01178         0
   148/199    0.919G   0.06224   0.01766         0    0.0799        17       320    0.5705    0.3912    0.3835    0.1536   0.06256   0.01182         0
   149/199    0.919G   0.06071   0.01743         0   0.07813        29       320    0.5169    0.4224    0.3828     0.153   0.06258    0.0118         0
   150/199    0.919G   0.06098   0.01767         0   0.07864        16       320    0.5137    0.4249    0.3842    0.1545   0.06254   0.01181         0
   151/199    0.919G   0.06151   0.01735         0   0.07886        33       320    0.4995    0.4431    0.3849    0.1525   0.06251   0.01181         0
   152/199    0.919G   0.06092   0.01757         0   0.07849        27       320    0.5365     0.416    0.3835    0.1535   0.06238    0.0118         0
   153/199    0.919G    0.0606   0.01749         0    0.0781        18       320    0.4904    0.4439    0.3848    0.1558    0.0623   0.01182         0
   154/199    0.919G   0.06072   0.01753         0   0.07824        16       320    0.5248    0.4205    0.3855    0.1572   0.06229   0.01181         0
   155/199    0.919G   0.06111   0.01749         0    0.0786        26       320    0.5525     0.395    0.3841    0.1569   0.06229   0.01179         0
   156/199    0.919G   0.05986   0.01729         0   0.07714        23       320    0.4973    0.4335    0.3872     0.158   0.06227   0.01179         0
   157/199    0.919G   0.06106   0.01769         0   0.07874        24       320    0.4633    0.4618     0.386    0.1564   0.06229    0.0118         0
   158/199    0.919G   0.06111   0.01745         0   0.07856        33       320    0.5033    0.4351    0.3861    0.1554   0.06234    0.0118         0
   159/199    0.919G   0.06013   0.01744         0   0.07757        26       320    0.5067    0.4345    0.3841    0.1564   0.06235   0.01179         0
   160/199    0.919G   0.05965   0.01738         0   0.07703        26       320    0.4801    0.4491    0.3844    0.1561   0.06238    0.0118         0
   161/199    0.919G   0.06031   0.01708         0   0.07739        21       320    0.5074      0.43    0.3816    0.1566   0.06246   0.01178         0
   162/199    0.919G    0.0599   0.01738         0   0.07728        31       320    0.5196    0.4275    0.3813    0.1571   0.06249   0.01176         0
   163/199    0.919G   0.06038   0.01753         0   0.07791        18       320    0.5279    0.4307    0.3845     0.157   0.06253   0.01175         0
   164/199    0.919G   0.05984   0.01702         0   0.07686        19       320    0.5191    0.4351    0.3847    0.1584   0.06245   0.01176         0
   165/199    0.919G   0.05947   0.01756         0   0.07703        21       320    0.5145    0.4421    0.3878    0.1586   0.06242   0.01175         0
   166/199    0.919G   0.05851    0.0174         0   0.07592        23       320     0.546    0.4224    0.3868    0.1569   0.06243   0.01175         0
   167/199    0.919G    0.0592   0.01722         0   0.07642        17       320    0.5661    0.4109    0.3875     0.157   0.06256   0.01173         0
   168/199    0.919G   0.05959    0.0174         0   0.07699        18       320    0.5777    0.4167    0.3937     0.159   0.06249   0.01171         0
   169/199    0.919G   0.05967    0.0174         0   0.07707        12       320    0.5588    0.4218    0.3919    0.1575   0.06255   0.01169         0
   170/199    0.919G   0.05825   0.01673         0   0.07498        28       320    0.5377    0.4299     0.387    0.1573   0.06252   0.01169         0
   171/199    0.919G   0.05904   0.01722         0   0.07626        29       320    0.5581    0.4224    0.3846    0.1573   0.06243   0.01169         0
   172/199    0.919G   0.05971   0.01721         0   0.07692        14       320    0.5516    0.4249    0.3868    0.1575   0.06239   0.01169         0
   173/199    0.919G   0.05899   0.01744         0   0.07643        24       320    0.5775    0.4071    0.3863    0.1578   0.06234   0.01169         0
   174/199    0.919G   0.05888   0.01735         0   0.07622        14       320    0.5365    0.4313    0.3874    0.1582   0.06237    0.0117         0
   175/199    0.919G   0.05769   0.01712         0   0.07481        25       320    0.5437    0.4288    0.3891    0.1577   0.06243    0.0117         0
   176/199    0.919G   0.05853   0.01748         0   0.07601        31       320    0.5559    0.4198     0.386    0.1574   0.06245    0.0117         0
   177/199    0.919G    0.0582   0.01722         0   0.07542        16       320    0.5639    0.4173    0.3866     0.158   0.06251    0.0117         0
   178/199    0.919G   0.05779   0.01731         0   0.07511        16       320     0.569    0.4135    0.3873    0.1578   0.06251   0.01171         0
   179/199    0.919G   0.05899   0.01726         0   0.07625        21       320    0.5766    0.4133    0.3877     0.156   0.06261   0.01172         0
   180/199    0.919G   0.05773   0.01702         0   0.07474        29       320    0.5709    0.4141    0.3873    0.1565   0.06266   0.01173         0
   181/199    0.919G    0.0585   0.01725         0   0.07575        38       320    0.5777     0.409    0.3856     0.156   0.06276   0.01172         0
   182/199    0.919G   0.05766     0.017         0   0.07466        27       320    0.5637    0.4186    0.3841    0.1565    0.0628   0.01172         0
   183/199    0.919G    0.0582   0.01743         0   0.07562        32       320    0.5409      0.43    0.3877    0.1565   0.06272   0.01173         0
   184/199    0.919G   0.05852   0.01717         0   0.07569        23       320    0.5715    0.4135    0.3877    0.1562   0.06267   0.01172         0
   185/199    0.919G   0.05769   0.01676         0   0.07445        21       320    0.5664    0.4179      0.39    0.1571   0.06265   0.01172         0
   186/199    0.919G    0.0585   0.01713         0   0.07562        21       320    0.5677    0.4116    0.3868    0.1569   0.06265   0.01171         0
   187/199    0.919G   0.05816   0.01689         0   0.07506        26       320    0.5739    0.4078    0.3883    0.1566   0.06269   0.01171         0
   188/199    0.919G   0.05772    0.0171         0   0.07482        21       320    0.5713    0.4052    0.3842    0.1557   0.06268   0.01172         0
   189/199    0.919G   0.05795   0.01733         0   0.07528        32       320    0.5286    0.4294    0.3846    0.1561   0.06269   0.01173         0
   190/199    0.919G   0.05779   0.01693         0   0.07472        23       320    0.5375    0.4243    0.3866    0.1558   0.06266   0.01173         0
   191/199    0.919G   0.05769   0.01724         0   0.07494        25       320    0.5305    0.4268    0.3864    0.1554   0.06269   0.01174         0
   192/199    0.919G   0.05735   0.01718         0   0.07453        32       320    0.5503    0.4167    0.3876    0.1556   0.06265   0.01174         0
   193/199    0.919G    0.0573   0.01698         0   0.07429        15       320    0.5503    0.4186    0.3872    0.1554   0.06264   0.01175         0
   194/199    0.919G   0.05701   0.01709         0    0.0741        32       320    0.5508    0.4173    0.3867    0.1555   0.06262   0.01175         0
   195/199    0.919G     0.057   0.01691         0   0.07392        35       320    0.5789    0.4046    0.3885    0.1566   0.06262   0.01175         0
   196/199    0.919G   0.05614   0.01667         0   0.07281        46       320    0.5723    0.4084    0.3881    0.1567   0.06261   0.01174         0
   197/199    0.919G   0.05682   0.01678         0    0.0736        24       320    0.5403    0.4249    0.3876    0.1565   0.06256   0.01174         0
   198/199    0.919G   0.05711   0.01694         0   0.07406        17       320    0.5405    0.4256     0.387    0.1565   0.06257   0.01173         0
   199/199    0.919G   0.05691   0.01736         0   0.07426        28       320    0.5273    0.4329    0.3876    0.1574   0.06251   0.01173         0
