      0/99    0.493G    0.1071   0.01988         0     0.127        32       320 0.0007941    0.1094 9.614e-05 1.516e-05    0.1047   0.01515         0
      1/99    0.919G    0.1038    0.0196         0    0.1234        14       320  0.001005   0.07061 0.0001272 1.792e-05    0.1012   0.01497         0
      2/99    0.919G    0.1013    0.0198         0    0.1211        20       320  0.001782    0.2455 0.0005163 9.197e-05   0.09727   0.01549         0
      3/99    0.919G   0.09561   0.02056         0    0.1162        22       320   0.04779   0.07697   0.01287  0.003236    0.0912   0.01606         0
      4/99    0.919G   0.09002   0.01984         0    0.1099        31       320   0.08444    0.1489   0.03265  0.008603   0.08447   0.01513         0
      5/99    0.919G   0.08779    0.0204         0    0.1082        25       320   0.08746    0.1323    0.0298     0.008   0.08567    0.0148         0
      6/99    0.919G   0.08704   0.02036         0    0.1074        28       320    0.1388    0.1654   0.05586   0.01654   0.08277   0.01448         0
      7/99    0.919G    0.0851   0.02055         0    0.1057        38       320    0.1518    0.1832   0.07024    0.0206   0.08061    0.0144         0
      8/99    0.919G   0.08403   0.01987         0    0.1039        21       320    0.1617     0.145   0.05655   0.01733   0.08105   0.01487         0
      9/99    0.919G   0.08312   0.02026         0    0.1034        18       320    0.1777    0.1934   0.08691    0.0289   0.07852   0.01448         0
     10/99    0.919G   0.08319   0.01986         0    0.1031        20       320    0.2147    0.2024    0.1159   0.03718   0.07793   0.01419         0
     11/99    0.919G   0.08152   0.01955         0    0.1011        32       320    0.2028    0.2176     0.107   0.03645   0.07867   0.01419         0
     12/99    0.919G   0.08118   0.01991         0    0.1011        27       320    0.2462    0.1889    0.1164   0.03907   0.07728   0.01399         0
     13/99    0.919G   0.08004      0.02         0       0.1        29       320    0.2115    0.2144    0.1295   0.04501   0.07704   0.01408         0
     14/99    0.919G   0.08074   0.01994         0    0.1007        18       320    0.2417    0.2443    0.1402   0.04501   0.07683   0.01386         0
     15/99    0.919G   0.07919   0.01983         0   0.09903        18       320    0.2888    0.2246    0.1588   0.05114   0.07578   0.01366         0
     16/99    0.919G    0.0798   0.01975         0   0.09955        20       320    0.2558     0.257    0.1557   0.04987   0.07549   0.01365         0
     17/99    0.919G   0.07858   0.01941         0   0.09799        16       320    0.2785    0.2118    0.1545   0.04844   0.07614   0.01358         0
     18/99    0.919G   0.07815   0.01959         0   0.09774        29       320    0.2845    0.2277    0.1592   0.05673   0.07475   0.01383         0
     19/99    0.919G   0.07788   0.01955         0   0.09743        30       320    0.2615    0.2207    0.1478   0.04928   0.07566   0.01368         0
     20/99    0.919G   0.07686    0.0197         0   0.09656        16       320    0.2916    0.2195    0.1619   0.05651    0.0739   0.01397         0
     21/99    0.919G   0.07785   0.01935         0    0.0972        40       320     0.316    0.2538    0.1785   0.06312   0.07347   0.01354         0
     22/99    0.919G   0.07783   0.01946         0   0.09729        20       320    0.3321    0.2454      0.19   0.06417   0.07316   0.01356         0
     23/99    0.919G   0.07611    0.0195         0    0.0956        19       320    0.2798    0.2799      0.18   0.06211   0.07353   0.01351         0
     24/99    0.919G    0.0763   0.01956         0   0.09587        18       320    0.3764    0.2411    0.2014   0.06965   0.07269   0.01339         0
     25/99    0.919G   0.07675   0.01947         0   0.09623        30       320    0.3402    0.2443    0.1947   0.06629   0.07222   0.01344         0
     26/99    0.919G   0.07553   0.01947         0     0.095        23       320    0.3537     0.257    0.1862   0.06733   0.07208   0.01339         0
     27/99    0.919G   0.07511   0.01903         0   0.09414        26       320     0.349    0.2519     0.199   0.06944    0.0727   0.01344         0
     28/99    0.919G   0.07499   0.01924         0   0.09423        23       320    0.3641    0.2583    0.2079    0.0745   0.07171   0.01331         0
     29/99    0.919G    0.0747   0.01919         0   0.09388        19       320     0.379    0.2793    0.2231   0.07934   0.07028   0.01318         0
     30/99    0.919G    0.0744   0.01921         0   0.09361        25       320    0.3677    0.2704    0.2218   0.08165   0.07099   0.01316         0
     31/99    0.919G   0.07523   0.01922         0   0.09445        24       320    0.3555    0.3092    0.2264   0.07906   0.06998   0.01318         0
     32/99    0.919G   0.07469   0.01911         0    0.0938        19       320    0.3582    0.2933    0.2347   0.08378   0.07063   0.01313         0
     33/99    0.919G   0.07414   0.01877         0   0.09291        12       320    0.3971    0.2958    0.2417    0.0874   0.07005   0.01318         0
     34/99    0.919G   0.07393   0.01896         0   0.09289        17       320    0.4172    0.2767    0.2429   0.08892   0.07049   0.01305         0
     35/99    0.919G   0.07363   0.01889         0   0.09251        25       320    0.3811    0.3359    0.2526   0.09164   0.06941   0.01289         0
     36/99    0.919G   0.07334   0.01883         0   0.09216        22       320    0.3923    0.3168    0.2674    0.0999   0.06871   0.01301         0
     37/99    0.919G   0.07302    0.0189         0   0.09192        30       320    0.3869    0.3219     0.264   0.09876   0.06851   0.01306         0
     38/99    0.919G   0.07343   0.01872         0   0.09215        19       320    0.3891    0.3289    0.2726    0.1021   0.06849   0.01295         0
     39/99    0.919G   0.07302    0.0189         0   0.09192        31       320    0.3986    0.3022    0.2585   0.09742   0.06857   0.01307         0
     40/99    0.919G   0.07272   0.01893         0   0.09165        23       320    0.4314    0.3034     0.262    0.1009   0.06734    0.0131         0
     41/99    0.919G   0.07173   0.01874         0   0.09046        23       320    0.3291    0.3733    0.2696   0.09923   0.06819    0.0128         0
     42/99    0.919G   0.07187   0.01907         0   0.09094        35       320    0.3854    0.3371    0.2619    0.1004   0.06863   0.01268         0
     43/99    0.919G   0.07224   0.01878         0   0.09102        25       320    0.4346    0.3193    0.2775    0.1024   0.06781   0.01301         0
     44/99    0.919G   0.07168    0.0188         0   0.09048        33       320    0.3919    0.3608    0.2938    0.1108   0.06698   0.01298         0
     45/99    0.919G   0.07051   0.01853         0   0.08904        19       320    0.4096    0.3359    0.2755    0.1075   0.06734   0.01278         0
     46/99    0.919G   0.07192   0.01868         0    0.0906        15       320     0.452    0.3162    0.2836    0.1055   0.06688   0.01289         0
     47/99    0.919G   0.07189    0.0189         0   0.09079        17       320    0.4309    0.3346    0.2879    0.1102   0.06723   0.01267         0
     48/99    0.919G   0.06995   0.01869         0   0.08864        22       320     0.447    0.3312    0.2946    0.1151   0.06641   0.01279         0
     49/99    0.919G   0.07111   0.01842         0   0.08953        17       320    0.4311    0.3594    0.3107     0.122   0.06653   0.01264         0
     50/99    0.919G   0.07123   0.01883         0   0.09006        19       320    0.4382    0.3302    0.2962     0.116   0.06644   0.01281         0
     51/99    0.919G   0.07133   0.01828         0   0.08961        19       320    0.4243    0.3601    0.2971    0.1128     0.066   0.01266         0
     52/99    0.919G    0.0708   0.01878         0   0.08957        16       320    0.4133    0.3613    0.3047    0.1127   0.06652    0.0125         0
     53/99    0.919G   0.07043   0.01864         0   0.08907        25       320    0.4622    0.3461    0.3035    0.1165   0.06643    0.0126         0
     54/99    0.919G   0.07012   0.01836         0   0.08848        23       320    0.4278    0.3601    0.3065    0.1175   0.06614   0.01257         0
     55/99    0.919G   0.06995   0.01847         0   0.08842        23       320    0.4652     0.341    0.3008    0.1161   0.06544   0.01258         0
     56/99    0.919G   0.07014    0.0181         0   0.08825        16       320    0.3924    0.3791    0.2922    0.1105   0.06641   0.01268         0
     57/99    0.919G   0.06982   0.01863         0   0.08846        19       320    0.4962    0.3233    0.3051    0.1153    0.0663   0.01263         0
     58/99    0.919G    0.0688   0.01836         0   0.08717        21       320    0.4544    0.3537     0.311    0.1164   0.06596   0.01267         0
     59/99    0.919G   0.06943   0.01826         0   0.08769        27       320    0.4294    0.3613    0.3082    0.1167   0.06573   0.01249         0
     60/99    0.919G   0.06893   0.01851         0   0.08744        18       320    0.4144    0.3931    0.3222    0.1271   0.06535   0.01253         0
     61/99    0.919G   0.06864   0.01839         0   0.08703        19       320    0.4167    0.3676    0.3013    0.1132   0.06564   0.01251         0
     62/99    0.919G   0.06864   0.01841         0   0.08705        18       320      0.43    0.3893    0.3349    0.1307   0.06504   0.01232         0
     63/99    0.919G   0.06831   0.01843         0   0.08674        20       320    0.4393    0.3922    0.3258    0.1255   0.06513   0.01236         0
     64/99    0.919G   0.06837   0.01825         0   0.08663        22       320    0.4833    0.3772    0.3262     0.124   0.06541   0.01239         0
     65/99    0.919G   0.06872   0.01816         0   0.08687        15       320    0.4708    0.3594    0.3242    0.1257   0.06554   0.01236         0
     66/99    0.919G   0.06795   0.01833         0   0.08628        34       320    0.4822     0.348    0.3272    0.1282   0.06476   0.01252         0
     67/99    0.919G   0.06782   0.01831         0   0.08613        16       320    0.4751    0.3771    0.3382    0.1296   0.06495   0.01227         0
     68/99    0.919G   0.06812   0.01843         0   0.08654        21       320    0.4838    0.3683      0.33    0.1276     0.065   0.01238         0
     69/99    0.919G   0.06736   0.01823         0   0.08559        21       320    0.4554    0.3976    0.3307    0.1259   0.06435   0.01243         0
     70/99    0.919G   0.06763   0.01831         0   0.08594        31       320    0.4841    0.3658    0.3324    0.1291   0.06411   0.01226         0
     71/99    0.919G   0.06713    0.0181         0   0.08523        23       320    0.4627    0.3938    0.3388    0.1306    0.0642   0.01227         0
     72/99    0.919G   0.06765   0.01828         0   0.08593        30       320      0.44    0.4046    0.3357    0.1292   0.06413   0.01227         0
     73/99    0.919G   0.06709   0.01801         0    0.0851        18       320    0.4517    0.3849    0.3337    0.1305   0.06411   0.01223         0
     74/99    0.919G   0.06704   0.01822         0   0.08526        29       320    0.4698    0.3928    0.3455    0.1349   0.06403   0.01224         0
     75/99    0.919G   0.06643   0.01785         0   0.08428        24       320    0.4666    0.3906    0.3469    0.1334   0.06427   0.01216         0
     76/99    0.919G   0.06708   0.01813         0   0.08521        16       320    0.4802    0.3891     0.341    0.1329   0.06416   0.01224         0
     77/99    0.919G   0.06704   0.01808         0   0.08512        15       320    0.4395    0.4243    0.3439    0.1305   0.06404   0.01219         0
     78/99    0.919G   0.06631   0.01799         0    0.0843        14       320    0.4669    0.4062    0.3443    0.1334   0.06356   0.01223         0
     79/99    0.919G   0.06667   0.01803         0    0.0847        19       320     0.437      0.43    0.3475    0.1354   0.06386   0.01222         0
     80/99    0.919G   0.06566   0.01804         0    0.0837        21       320    0.5365    0.3473    0.3365    0.1313   0.06369   0.01221         0
     81/99    0.919G   0.06535   0.01773         0   0.08308        20       320    0.4987    0.4008    0.3535     0.137   0.06336   0.01211         0
     82/99    0.919G   0.06567   0.01813         0    0.0838        19       320    0.5404     0.374      0.35     0.139   0.06352   0.01215         0
     83/99    0.919G   0.06535   0.01772         0   0.08307        32       320    0.5032    0.3963    0.3539    0.1386   0.06314   0.01209         0
     84/99    0.919G   0.06501   0.01775         0   0.08276         9       320    0.5316     0.374    0.3574    0.1411   0.06353   0.01209         0
     85/99    0.919G   0.06563   0.01772         0   0.08335        17       320    0.4718    0.4262    0.3576    0.1408    0.0632   0.01209         0
     86/99    0.919G   0.06463   0.01762         0   0.08225        17       320    0.4827     0.403    0.3506    0.1374   0.06377   0.01211         0
     87/99    0.919G   0.06445     0.018         0   0.08245        35       320    0.4818    0.4039    0.3528    0.1415   0.06339   0.01209         0
     88/99    0.919G   0.06394   0.01791         0   0.08186        30       320    0.4645    0.4111    0.3548    0.1393   0.06374   0.01209         0
     89/99    0.919G   0.06442   0.01801         0   0.08243        31       320    0.5667    0.3613    0.3625    0.1455    0.0636   0.01198         0
     90/99    0.919G   0.06526   0.01772         0   0.08298        28       320    0.4858    0.4128    0.3609    0.1412   0.06359   0.01206         0
     91/99    0.919G   0.06499   0.01798         0   0.08298        21       320    0.5134    0.4052    0.3631    0.1425   0.06342     0.012         0
     92/99    0.919G   0.06456   0.01771         0   0.08228        25       320    0.4824    0.4116    0.3607    0.1401    0.0632   0.01199         0
     93/99    0.919G   0.06371   0.01758         0    0.0813        40       320    0.4905    0.4176    0.3622    0.1436   0.06333   0.01198         0
     94/99    0.919G   0.06466   0.01768         0   0.08234        21       320    0.5176    0.4014    0.3637    0.1407   0.06329   0.01198         0
     95/99    0.919G   0.06439   0.01781         0    0.0822        16       320    0.5167    0.4116    0.3639    0.1447   0.06336   0.01194         0
     96/99    0.919G   0.06374    0.0177         0   0.08144        20       320    0.5099    0.4141    0.3711    0.1493   0.06303   0.01195         0
     97/99    0.919G    0.0642   0.01789         0   0.08208        33       320    0.5176     0.409    0.3733    0.1482   0.06299   0.01194         0
     98/99    0.919G   0.06354   0.01777         0   0.08131        25       320    0.5317    0.4071    0.3693    0.1459   0.06292   0.01192         0
     99/99    0.919G   0.06368    0.0177         0   0.08138        16       320    0.5068    0.4116    0.3654    0.1467   0.06303   0.01189         0
