     0/199     1.82G    0.1034   0.02546         0    0.1289        31       416  0.001178    0.1082 0.0001635 2.427e-05   0.09599   0.01932         0
     1/199     1.84G   0.09911    0.0251         0    0.1242        20       416  0.001304    0.0522 0.0002244 3.519e-05   0.09333   0.01959         0
     2/199     1.84G   0.09513   0.02515         0    0.1203        22       416   0.01891   0.04074   0.00402  0.000755   0.09753   0.01768         0
     3/199     1.84G   0.08762   0.02548         0    0.1131        26       416    0.1105    0.1425   0.04591   0.01172   0.08315   0.01803         0
     4/199     1.84G   0.08385   0.02487         0    0.1087        31       416    0.1667     0.175   0.07694   0.02377   0.08022   0.01961         0
     5/199     1.84G   0.08148   0.02516         0    0.1066        29       416    0.2153    0.1922    0.1045   0.03321   0.07606   0.01818         0
     6/199     1.84G   0.08055   0.02512         0    0.1057        31       416    0.2153    0.1738   0.09588   0.03065   0.07599   0.01781         0
     7/199     1.84G   0.07913   0.02483         0     0.104        37       416    0.1892    0.1966   0.09412   0.02955   0.07543   0.01758         0
     8/199     1.84G   0.07788    0.0242         0    0.1021        21       416    0.2286    0.1856    0.1128   0.03362   0.07746   0.01711         0
     9/199     1.84G   0.07746   0.02461         0    0.1021        19       416    0.2567    0.2266    0.1506   0.05314   0.07237   0.01754         0
    10/199     1.84G   0.07683   0.02444         0    0.1013        20       416    0.2216    0.2425    0.1329   0.04322   0.07303   0.01762         0
    11/199     1.84G   0.07602   0.02414         0    0.1002        35       416    0.2987    0.1935    0.1513   0.04784   0.07474   0.01827         0
    12/199     1.84G   0.07453   0.02437         0    0.0989        27       416    0.2914    0.2642    0.1711   0.05611   0.07154   0.01703         0
    13/199     1.84G   0.07428   0.02431         0   0.09859        20       416    0.3016    0.2476    0.1739   0.06189   0.07073   0.01699         0
    14/199     1.84G   0.07433   0.02442         0   0.09875        18       416    0.2717    0.2266    0.1567   0.05134    0.0715   0.01712         0
    15/199     1.84G   0.07307   0.02412         0    0.0972        16       416    0.2608     0.236    0.1591   0.05895   0.07252    0.0179         0
    16/199     1.84G   0.07287   0.02412         0   0.09699        19       416     0.332    0.2438    0.1812   0.06552   0.07024     0.017         0
    17/199     1.84G   0.07282   0.02365         0   0.09646        21       416    0.3417    0.2736    0.2064   0.07387   0.06814   0.01676         0
    18/199     1.84G   0.07193   0.02365         0   0.09558        29       416    0.3412    0.2763    0.2182    0.0756   0.06835   0.01673         0
    19/199     1.84G   0.07111   0.02392         0   0.09503        27       416    0.4182    0.2871    0.2463   0.08882   0.06723   0.01633         0
    20/199     1.84G   0.07119   0.02387         0   0.09506        23       416     0.358    0.3067    0.2385   0.08682   0.06773   0.01628         0
    21/199     1.84G    0.0711   0.02335         0   0.09445        35       416    0.3955    0.2915    0.2453   0.08738   0.06693   0.01641         0
    22/199     1.84G   0.07075   0.02333         0   0.09408        18       416    0.3947    0.2743    0.2358   0.08867   0.06722   0.01651         0
    23/199     1.84G   0.07023   0.02375         0   0.09398        27       416    0.3897    0.3151    0.2621   0.09336   0.06674   0.01627         0
    24/199     1.84G   0.07035   0.02362         0   0.09396        18       416    0.3681    0.3425    0.2686    0.1005   0.06641   0.01614         0
    25/199     1.84G   0.06992   0.02325         0   0.09316        29       416     0.386    0.3609    0.2904     0.108   0.06539   0.01602         0
    26/199     1.84G   0.06871   0.02348         0   0.09219        34       416    0.3915    0.3329    0.2787     0.104   0.06619   0.01616         0
    27/199     1.84G   0.06978   0.02331         0   0.09309        28       416    0.4798     0.303    0.2717   0.09613   0.06579   0.01607         0
    28/199     1.84G   0.06879   0.02314         0   0.09193        20       416     0.439    0.3182    0.2886    0.1059   0.06534   0.01584         0
    29/199     1.84G   0.06778   0.02283         0   0.09061        12       416    0.4365    0.3647    0.3146    0.1216   0.06374   0.01568         0
    30/199     1.84G   0.06817   0.02286         0   0.09102        17       416    0.3992    0.3724    0.2956    0.1101   0.06541   0.01608         0
    31/199     1.84G   0.06807   0.02305         0   0.09113        23       416    0.4786    0.3386    0.3143    0.1204   0.06438   0.01569         0
    32/199     1.84G   0.06749   0.02314         0   0.09063        17       416     0.448    0.3584    0.3073    0.1132   0.06385   0.01603         0
    33/199     1.84G   0.06799   0.02289         0   0.09088        15       416    0.4894    0.3361     0.319     0.123   0.06405   0.01563         0
    34/199     1.84G   0.06708   0.02298         0   0.09006        17       416    0.4388    0.3768    0.3275    0.1237   0.06345   0.01568         0
    35/199     1.84G   0.06646   0.02252         0   0.08898        27       416    0.4546    0.3673    0.3191    0.1155   0.06411   0.01561         0
    36/199     1.84G   0.06675   0.02288         0   0.08964        19       416    0.4764    0.3628    0.3304    0.1272   0.06373   0.01565         0
    37/199     1.84G   0.06637    0.0228         0   0.08916        35       416    0.4666    0.3673    0.3268    0.1286   0.06311   0.01575         0
    38/199     1.84G   0.06696   0.02249         0   0.08944        25       416    0.4519    0.3826    0.3262    0.1302   0.06302   0.01561         0
    39/199     1.84G   0.06642   0.02238         0   0.08881        34       416    0.4772    0.3781    0.3364    0.1327   0.06246   0.01538         0
    40/199     1.84G   0.06641   0.02274         0   0.08914        27       416    0.5003    0.3594     0.335    0.1303   0.06346   0.01555         0
    41/199     1.84G   0.06543   0.02262         0   0.08805        25       416    0.4385    0.4169    0.3385    0.1303   0.06241    0.0154         0
    42/199     1.84G   0.06607   0.02286         0   0.08892        23       416    0.4856      0.38    0.3269    0.1261   0.06257   0.01549         0
    43/199     1.84G    0.0648    0.0223         0    0.0871        21       416    0.4981    0.3877    0.3499    0.1349   0.06197   0.01531         0
    44/199     1.84G   0.06533   0.02254         0   0.08788        27       416    0.4672    0.3896     0.345    0.1335   0.06323   0.01538         0
    45/199     1.84G   0.06445   0.02233         0   0.08678        19       416      0.53    0.3902    0.3553    0.1408   0.06205   0.01529         0
    46/199     1.84G   0.06544   0.02267         0   0.08811        16       416    0.4782    0.4137    0.3544    0.1419   0.06223   0.01538         0
    47/199     1.84G   0.06551   0.02199         0    0.0875        14       416    0.5255    0.3832     0.352    0.1375   0.06182   0.01518         0
    48/199     1.84G   0.06479   0.02211         0    0.0869        17       416     0.473    0.4074    0.3559    0.1412   0.06146   0.01529         0
    49/199     1.84G   0.06483   0.02198         0   0.08682        18       416    0.5046    0.3953    0.3649    0.1451   0.06176   0.01526         0
    50/199     1.84G   0.06396   0.02244         0    0.0864        13       416    0.4993    0.4112    0.3586    0.1415   0.06098   0.01523         0
    51/199     1.84G   0.06512   0.02211         0   0.08722        23       416    0.4955    0.4029    0.3665    0.1431   0.06141   0.01507         0
    52/199     1.84G   0.06437   0.02242         0    0.0868        16       416    0.4789    0.4118    0.3608    0.1418   0.06142   0.01506         0
    53/199     1.84G   0.06384   0.02222         0   0.08606        25       416     0.547    0.3813     0.369    0.1479   0.06112   0.01498         0
    54/199     1.84G   0.06404   0.02175         0   0.08579        25       416     0.541    0.3889    0.3578     0.141   0.06126   0.01504         0
    55/199     1.84G   0.06372   0.02222         0   0.08593        25       416    0.5407    0.3912    0.3762    0.1498   0.06072     0.015         0
    56/199     1.84G   0.06345   0.02192         0   0.08537        14       416    0.5195    0.4106    0.3665     0.147   0.06108   0.01504         0
    57/199     1.84G   0.06348   0.02201         0   0.08549        25       416    0.5173    0.4284    0.3813    0.1516   0.06067   0.01503         0
    58/199     1.84G   0.06324    0.0218         0   0.08504        23       416    0.5582    0.4042    0.3851    0.1534   0.06101   0.01486         0
    59/199     1.84G   0.06311   0.02203         0   0.08514        29       416    0.5215     0.422    0.3859    0.1558    0.0605   0.01485         0
    60/199     1.84G   0.06293   0.02204         0   0.08497        17       416    0.5358    0.4055    0.3829    0.1539   0.06085   0.01489         0
    61/199     1.84G   0.06213   0.02155         0   0.08368        21       416    0.5263    0.3939    0.3713    0.1491   0.06124   0.01503         0
    62/199     1.84G   0.06274   0.02202         0   0.08476        16       416    0.5045    0.4328     0.385    0.1523   0.06034   0.01485         0
    63/199     1.84G   0.06221   0.02169         0    0.0839        14       416    0.4878    0.4468    0.3875    0.1529   0.06031   0.01495         0
    64/199     1.84G   0.06243    0.0219         0   0.08432        23       416    0.5297    0.4087    0.3859    0.1568   0.06018   0.01503         0
    65/199     1.84G   0.06304   0.02162         0   0.08466        17       416    0.5429    0.4118    0.3887    0.1576   0.06048   0.01489         0
    66/199     1.84G   0.06191   0.02201         0   0.08392        30       416    0.5359    0.4182     0.383    0.1527    0.0604   0.01498         0
    67/199     1.84G   0.06241   0.02196         0   0.08437        13       416    0.5554    0.4112    0.4002    0.1602   0.05988   0.01485         0
    68/199     1.84G   0.06272   0.02217         0    0.0849        15       416    0.5405    0.4195    0.3905    0.1537    0.0602   0.01473         0
    69/199     1.84G   0.06198   0.02184         0   0.08382        21       416     0.543     0.413    0.3923    0.1582   0.06009   0.01483         0
    70/199     1.84G   0.06135   0.02136         0   0.08271        33       416    0.5486    0.4053     0.383    0.1559   0.06022   0.01481         0
    71/199     1.84G   0.06157   0.02148         0   0.08305        21       416    0.5486    0.4176    0.3947    0.1618   0.06005   0.01481         0
    72/199     1.84G   0.06193   0.02196         0   0.08389        27       416    0.5436    0.4303    0.4072    0.1644   0.05982   0.01488         0
    73/199     1.84G   0.06122   0.02164         0   0.08286        20       416    0.5198     0.443    0.4018    0.1585   0.05981   0.01485         0
    74/199     1.84G   0.06082   0.02148         0    0.0823        28       416    0.5142    0.4424    0.3975    0.1625    0.0597   0.01485         0
    75/199     1.84G   0.06106   0.02141         0   0.08247        24       416    0.4963    0.4507    0.3947    0.1643   0.05923   0.01474         0
    76/199     1.84G   0.06089   0.02172         0   0.08261        14       416    0.5353    0.4227    0.3981    0.1651    0.0595   0.01478         0
    77/199     1.84G   0.06121   0.02145         0   0.08266        14       416    0.5396    0.4258    0.3991    0.1642   0.05924   0.01469         0
    78/199     1.84G   0.06109   0.02177         0   0.08286        12       416    0.5016    0.4659    0.4022    0.1656   0.05916   0.01472         0
    79/199     1.84G   0.06054   0.02167         0   0.08221        16       416    0.4952     0.478    0.4082    0.1664   0.05933   0.01467         0
    80/199     1.84G   0.06047   0.02144         0   0.08191        19       416    0.5292    0.4437    0.4031    0.1651   0.05944   0.01467         0
    81/199     1.84G    0.0594    0.0213         0    0.0807        20       416    0.5232    0.4481    0.3966    0.1642   0.05932   0.01472         0
    82/199     1.84G    0.0607   0.02186         0   0.08256        17       416    0.5078    0.4621    0.4025    0.1669   0.05913   0.01473         0
    83/199     1.84G   0.06012   0.02151         0   0.08163        40       416    0.5129    0.4488    0.3996    0.1661   0.05897   0.01471         0
    84/199     1.84G   0.06035   0.02158         0   0.08194        13       416    0.5374    0.4539    0.4103    0.1697   0.05886   0.01467         0
    85/199     1.84G   0.05999   0.02111         0   0.08109        16       416    0.5558    0.4379    0.4096    0.1697   0.05869   0.01474         0
    86/199     1.84G   0.05952   0.02118         0    0.0807        13       416    0.5259    0.4577    0.4109    0.1712   0.05893   0.01472         0
    87/199     1.84G   0.05957   0.02153         0   0.08111        39       416    0.5177    0.4639    0.4012    0.1645   0.05926   0.01465         0
    88/199     1.84G   0.06042   0.02166         0   0.08208        32       416    0.5656    0.4352    0.4111    0.1713   0.05901   0.01458         0
    89/199     1.84G   0.05925   0.02132         0   0.08058        32       416    0.5518     0.457    0.4245    0.1773   0.05886   0.01453         0
    90/199     1.84G   0.05979   0.02169         0   0.08149        26       416    0.5966    0.4284    0.4125    0.1702   0.05934   0.01461         0
    91/199     1.84G   0.05949   0.02122         0   0.08071        32       416    0.5268     0.457    0.4156    0.1725   0.05918    0.0145         0
    92/199     1.84G    0.0592   0.02142         0   0.08062        27       416    0.5318    0.4615    0.4146    0.1705   0.05923   0.01452         0
    93/199     1.84G   0.05876   0.02106         0   0.07982        29       416     0.566    0.4434    0.4168    0.1718   0.05925   0.01461         0
    94/199     1.84G   0.05873   0.02122         0   0.07995        20       416    0.5522     0.457    0.4288    0.1761   0.05938   0.01447         0
    95/199     1.84G   0.05873    0.0214         0   0.08014        18       416    0.5492    0.4551     0.423    0.1727   0.05942   0.01445         0
    96/199     1.84G   0.05935    0.0213         0   0.08065        17       416    0.5458    0.4713    0.4214    0.1718   0.05898   0.01444         0
    97/199     1.84G   0.05901   0.02135         0   0.08036        43       416    0.6247    0.4195    0.4205    0.1725   0.05859   0.01452         0
    98/199     1.84G   0.05785   0.02134         0   0.07918        23       416    0.5688    0.4551    0.4246    0.1738   0.05888   0.01449         0
    99/199     1.84G   0.05832   0.02101         0   0.07933        17       416      0.52    0.4773    0.4202    0.1744   0.05881   0.01451         0
   100/199     1.84G   0.05859   0.02091         0    0.0795        31       416    0.6016    0.4364    0.4213    0.1737    0.0588    0.0145         0
   101/199     1.84G   0.05795   0.02091         0   0.07886        16       416    0.5487    0.4717    0.4206    0.1734   0.05859   0.01452         0
   102/199     1.84G   0.05755   0.02125         0   0.07879        28       416    0.5214    0.4704    0.4171    0.1744   0.05857   0.01458         0
   103/199     1.84G   0.05779   0.02148         0   0.07927        27       416     0.535    0.4701    0.4168    0.1733   0.05886   0.01446         0
   104/199     1.84G   0.05762   0.02099         0   0.07862        33       416    0.5759     0.443    0.4195    0.1742   0.05895   0.01449         0
   105/199     1.84G   0.05849   0.02137         0   0.07986        20       416    0.5943    0.4326    0.4159    0.1724   0.05893   0.01444         0
   106/199     1.84G   0.05773   0.02127         0     0.079        21       416    0.5742    0.4462    0.4187    0.1746    0.0586   0.01444         0
   107/199     1.84G    0.0576     0.021         0    0.0786        17       416    0.5789    0.4341    0.4216    0.1747   0.05841    0.0145         0
   108/199     1.84G   0.05709   0.02106         0   0.07815        26       416    0.5674    0.4609    0.4254    0.1759   0.05853   0.01438         0
   109/199     1.84G   0.05746   0.02117         0   0.07864        23       416    0.5535    0.4688    0.4255    0.1771   0.05803   0.01439         0
   110/199     1.84G   0.05743   0.02105         0   0.07848        21       416    0.5752    0.4513    0.4267    0.1804   0.05837   0.01437         0
   111/199     1.84G   0.05687   0.02084         0   0.07771        24       416     0.556    0.4686     0.426    0.1767   0.05834   0.01441         0
   112/199     1.84G    0.0565   0.02096         0   0.07746        26       416    0.6038     0.436    0.4275    0.1781   0.05844   0.01446         0
   113/199     1.84G   0.05615   0.02068         0   0.07682        39       416    0.5904     0.456    0.4275    0.1775   0.05833    0.0144         0
   114/199     1.84G   0.05639   0.02048         0   0.07688        32       416    0.5644    0.4768    0.4234     0.176   0.05841   0.01436         0
   115/199     1.84G     0.056   0.02085         0   0.07685        19       416    0.5302    0.4895    0.4238    0.1758   0.05843   0.01433         0
   116/199     1.84G   0.05628   0.02071         0   0.07699        30       416    0.6095    0.4475    0.4276    0.1782   0.05849   0.01431         0
   117/199     1.84G   0.05581   0.02073         0   0.07654        35       416    0.5659    0.4671    0.4208    0.1756   0.05839   0.01429         0
   118/199     1.84G   0.05635   0.02069         0   0.07704        22       416    0.5741    0.4728    0.4285    0.1762   0.05843   0.01427         0
   119/199     1.84G   0.05568   0.02035         0   0.07603        25       416    0.5899    0.4569    0.4269    0.1774   0.05865   0.01433         0
   120/199     1.84G   0.05606   0.02086         0   0.07692        20       416    0.5772    0.4526    0.4224    0.1763   0.05872   0.01438         0
   121/199     1.84G   0.05554   0.02078         0   0.07632         8       416    0.5621    0.4608    0.4206    0.1735   0.05891   0.01439         0
   122/199     1.84G   0.05582    0.0205         0   0.07633        22       416     0.545    0.4736    0.4135    0.1743   0.05877   0.01438         0
   123/199     1.84G   0.05608   0.02103         0   0.07711        27       416    0.5591    0.4621    0.4216    0.1768   0.05854   0.01438         0
   124/199     1.84G   0.05539    0.0204         0   0.07579        20       416    0.5749    0.4551    0.4227    0.1775   0.05869   0.01437         0
   125/199     1.84G   0.05494   0.02048         0   0.07542        34       416    0.5811    0.4583    0.4267    0.1781   0.05859   0.01443         0
   126/199     1.84G   0.05448   0.02048         0   0.07496        31       416    0.5799     0.457    0.4301    0.1792   0.05866    0.0144         0
   127/199     1.84G   0.05515   0.02076         0   0.07591        20       416    0.6062    0.4379    0.4282    0.1796   0.05856   0.01438         0
   128/199     1.84G   0.05552   0.02029         0   0.07581        23       416    0.5895     0.457    0.4295    0.1823   0.05847    0.0144         0
   129/199     1.84G   0.05496   0.02065         0    0.0756        27       416    0.5828    0.4558    0.4268    0.1823    0.0585   0.01441         0
   130/199     1.84G   0.05495   0.02033         0   0.07528        26       416    0.5498    0.4749    0.4284    0.1801   0.05867   0.01436         0
   131/199     1.84G   0.05464   0.02086         0    0.0755        33       416    0.5684    0.4627    0.4247    0.1781   0.05887   0.01433         0
   132/199     1.84G   0.05441   0.02052         0   0.07493        18       416    0.5547    0.4774    0.4295    0.1795   0.05869   0.01431         0
   133/199     1.84G   0.05438   0.02025         0   0.07463        34       416    0.5835    0.4602     0.429    0.1791   0.05855   0.01428         0
   134/199     1.84G   0.05352   0.02058         0    0.0741        27       416    0.5627     0.471    0.4315    0.1788   0.05835   0.01436         0
   135/199     1.84G   0.05345    0.0203         0   0.07375        21       416    0.5971     0.457     0.434    0.1806   0.05842   0.01434         0
   136/199     1.84G   0.05328   0.01997         0   0.07324        30       416    0.5857    0.4691    0.4301     0.179    0.0585   0.01434         0
   137/199     1.84G   0.05415   0.02026         0   0.07441        21       416    0.5603    0.4746    0.4272    0.1775   0.05856   0.01439         0
   138/199     1.84G   0.05437   0.02035         0   0.07473        19       416    0.5552    0.4755    0.4271    0.1785    0.0584   0.01436         0
   139/199     1.84G   0.05373   0.02019         0   0.07392        21       416    0.5873    0.4556    0.4228    0.1789   0.05844   0.01436         0
   140/199     1.84G    0.0532   0.02022         0   0.07342        22       416    0.5967    0.4488    0.4215    0.1787   0.05875   0.01435         0
   141/199     1.84G   0.05334   0.01998         0   0.07332        18       416    0.5723     0.471    0.4256    0.1805   0.05868   0.01431         0
   142/199     1.84G   0.05324   0.02023         0   0.07347        20       416    0.5944    0.4581    0.4257    0.1804   0.05859   0.01433         0
   143/199     1.84G   0.05244   0.02016         0    0.0726        19       416    0.5757    0.4717    0.4255    0.1801   0.05875   0.01431         0
   144/199     1.84G   0.05372   0.01986         0   0.07359        17       416    0.5778    0.4659    0.4261    0.1795   0.05882    0.0143         0
   145/199     1.84G   0.05302   0.02006         0   0.07308        33       416    0.5958     0.469    0.4243    0.1792   0.05871   0.01433         0
   146/199     1.84G   0.05238   0.01997         0   0.07235        30       416    0.5954    0.4659    0.4254    0.1784   0.05876   0.01434         0
   147/199     1.84G    0.0526   0.01998         0   0.07258        14       416    0.6214    0.4526    0.4266    0.1791   0.05881   0.01431         0
   148/199     1.84G     0.053   0.02004         0   0.07305        17       416    0.6104    0.4548     0.425    0.1779   0.05875   0.01432         0
   149/199     1.84G   0.05205   0.02007         0   0.07212        20       416    0.6028    0.4577    0.4221    0.1782   0.05882   0.01433         0
   150/199     1.84G   0.05233   0.02008         0   0.07241        17       416    0.6055    0.4572    0.4237    0.1783   0.05865   0.01439         0
   151/199     1.84G    0.0521   0.01954         0   0.07164        24       416    0.6001    0.4577    0.4219    0.1769   0.05869   0.01437         0
   152/199     1.84G   0.05216   0.02031         0   0.07247        22       416    0.6063      0.45    0.4241    0.1768   0.05866   0.01439         0
   153/199     1.84G   0.05149      0.02         0   0.07148        18       416    0.5959    0.4564    0.4246    0.1776   0.05856   0.01441         0
   154/199     1.84G   0.05187   0.01991         0   0.07178        17       416    0.5972    0.4551    0.4248    0.1766   0.05858   0.01447         0
   155/199     1.84G   0.05113   0.01951         0   0.07064        23       416    0.6164    0.4462    0.4255    0.1768   0.05865   0.01446         0
   156/199     1.84G   0.05123   0.01982         0   0.07105        23       416    0.5902     0.464    0.4248    0.1767   0.05871   0.01444         0
   157/199     1.84G   0.05154   0.02026         0    0.0718        20       416    0.5865    0.4685    0.4238    0.1772   0.05867   0.01446         0
   158/199     1.84G   0.05077   0.01954         0   0.07031        33       416    0.5985    0.4596    0.4212    0.1781   0.05874   0.01444         0
   159/199     1.84G   0.05128   0.01976         0   0.07104        30       416    0.5972    0.4602    0.4222    0.1778   0.05882   0.01442         0
   160/199     1.84G   0.05065   0.01953         0   0.07018        24       416    0.5937    0.4659    0.4227     0.178   0.05888   0.01445         0
   161/199     1.84G   0.05064   0.01926         0    0.0699        19       416    0.5777    0.4717    0.4203    0.1763   0.05885   0.01447         0
   162/199     1.84G   0.05085   0.01961         0   0.07045        31       416    0.5869    0.4666     0.418    0.1776   0.05882   0.01447         0
   163/199     1.84G   0.05074   0.01973         0   0.07048        18       416     0.591    0.4666    0.4201    0.1766   0.05883   0.01446         0
   164/199     1.84G   0.05075   0.01963         0   0.07038        20       416    0.5873    0.4685    0.4218    0.1791   0.05879   0.01447         0
   165/199     1.84G   0.05034   0.01972         0   0.07006        16       416    0.5911    0.4761    0.4259    0.1796   0.05883   0.01445         0
   166/199     1.84G   0.04983   0.01923         0   0.06906        23       416    0.5829     0.478    0.4283    0.1812   0.05884   0.01444         0
   167/199     1.84G   0.05048   0.01969         0   0.07017        17       416    0.5953    0.4647     0.424    0.1814   0.05881   0.01445         0
   168/199     1.84G   0.05006   0.01927         0   0.06933        22       416    0.5955     0.464    0.4211    0.1807   0.05881   0.01445         0
   169/199     1.84G    0.0504   0.01996         0   0.07036        12       416     0.604    0.4659    0.4251    0.1794    0.0589   0.01442         0
   170/199     1.84G   0.04928   0.01923         0    0.0685        29       416    0.6191    0.4532    0.4237    0.1798     0.059    0.0144         0
   171/199     1.84G   0.04957    0.0193         0   0.06887        30       416    0.6205    0.4526    0.4234    0.1787   0.05906   0.01439         0
   172/199     1.84G    0.0499   0.01938         0   0.06928        16       416    0.6268      0.45    0.4235     0.179   0.05918   0.01438         0
   173/199     1.84G   0.04935    0.0197         0   0.06905        30       416     0.619    0.4494    0.4224    0.1792   0.05916   0.01441         0
   174/199     1.84G   0.04969   0.01953         0   0.06922        20       416    0.5677    0.4806    0.4226    0.1789   0.05919   0.01441         0
   175/199     1.84G   0.04953   0.01965         0   0.06918        22       416    0.6095    0.4551    0.4221    0.1787   0.05932   0.01441         0
   176/199     1.84G   0.04896   0.01914         0    0.0681        31       416     0.604    0.4602    0.4241    0.1793   0.05931    0.0144         0
   177/199     1.84G   0.04948   0.01948         0   0.06896        16       416    0.5737    0.4779    0.4255    0.1784   0.05926    0.0144         0
   178/199     1.84G   0.04879   0.01898         0   0.06777        19       416    0.5704    0.4793    0.4259    0.1785   0.05932   0.01441         0
   179/199     1.84G   0.04907   0.01932         0   0.06839        21       416    0.5882    0.4698    0.4246    0.1788   0.05931   0.01441         0
   180/199     1.84G   0.04835   0.01921         0   0.06756        34       416     0.607    0.4581    0.4231    0.1779   0.05933    0.0144         0
   181/199     1.84G   0.04904   0.01946         0    0.0685        40       416    0.5923    0.4669    0.4227    0.1777   0.05939    0.0144         0
   182/199     1.84G   0.04848   0.01886         0   0.06733        36       416    0.5715     0.478    0.4237    0.1775   0.05937    0.0144         0
   183/199     1.84G   0.04907   0.01949         0   0.06856        32       416    0.5704    0.4761    0.4222    0.1793   0.05944   0.01439         0
   184/199     1.84G   0.04897   0.01918         0   0.06815        21       416    0.6164    0.4526    0.4237    0.1784   0.05953   0.01439         0
   185/199     1.84G   0.04899   0.01876         0   0.06775        20       416    0.5982    0.4628    0.4238    0.1788   0.05955   0.01437         0
   186/199     1.84G   0.04925   0.01926         0   0.06851        21       416    0.6083    0.4587     0.424    0.1786   0.05956   0.01438         0
   187/199     1.84G   0.04846   0.01875         0   0.06721        25       416     0.585    0.4704    0.4259    0.1785   0.05959   0.01439         0
   188/199     1.84G   0.04839   0.01898         0   0.06737        23       416    0.5906    0.4666    0.4229     0.178    0.0596   0.01439         0
   189/199     1.84G   0.04878   0.01926         0   0.06803        26       416    0.5965    0.4666    0.4242    0.1779   0.05961   0.01441         0
   190/199     1.84G   0.04807   0.01876         0   0.06683        16       416    0.5789    0.4742    0.4231    0.1786   0.05965   0.01441         0
   191/199     1.84G   0.04795   0.01893         0   0.06688        29       416    0.5859    0.4729    0.4223    0.1786   0.05965   0.01443         0
   192/199     1.84G   0.04816   0.01889         0   0.06705        39       416    0.5781    0.4717    0.4227    0.1788   0.05967   0.01443         0
   193/199     1.84G   0.04748   0.01885         0   0.06633        13       416    0.5929    0.4653    0.4222    0.1788   0.05968   0.01443         0
   194/199     1.84G   0.04784   0.01908         0   0.06693        35       416    0.6208    0.4494    0.4218    0.1785   0.05968   0.01444         0
   195/199     1.84G    0.0482   0.01881         0   0.06701        37       416    0.5903    0.4613    0.4197    0.1791   0.05971   0.01445         0
   196/199     1.84G   0.04783   0.01842         0   0.06625        45       416    0.5988     0.457    0.4212    0.1792   0.05969   0.01444         0
   197/199     1.84G   0.04745   0.01852         0   0.06597        24       416    0.5977    0.4609     0.423    0.1795   0.05966   0.01443         0
   198/199     1.84G   0.04757    0.0188         0   0.06637        19       416    0.6138    0.4551    0.4248    0.1798   0.05965   0.01443         0
   199/199     1.84G   0.04778   0.01884         0   0.06661        36       416    0.5909    0.4634    0.4242    0.1801   0.05963   0.01443         0
